(20,49)
(128,49)
(128,108)
(20,108)
(79,192)
(686,192)
(686,240)
(79,240)
(77,284)
(104,284)
(104,326)
(77,326)
(79,371)
(105,371)
(105,414)
(79,414)
(77,458)
(108,458)
(108,499)
(77,499)
(81,546)
(107,546)
(107,588)
(81,588)
(82,633)
(111,633)
(111,674)
(82,674)
(84,720)
(111,720)
(111,761)
(84,761)
(87,893)
(113,893)
(113,932)
(87,932)
(73,978)
(128,978)
(128,1020)
(73,1020)
(75,1065)
(125,1065)
(125,1106)
(75,1106)
(76,1150)
(132,1150)
(132,1191)
(76,1191)
(77,1235)
(133,1235)
(133,1276)
(77,1276)
(80,1321)
(136,1321)
(136,1360)
(80,1360)
(81,1405)
(137,1405)
(137,1446)
(81,1446)
(83,1489)
(139,1489)
(139,1530)
(83,1530)
(85,1573)
(141,1573)
(141,1614)
(85,1614)
(87,1657)
(142,1657)
(142,1698)
(87,1698)
(89,1741)
(144,1741)
(144,1782)
(89,1782)
(89,1824)
(149,1824)
(149,1865)
(89,1865)
(562,57)
(833,57)
(833,105)
(562,105)
(183,283)
(622,278)
(622,325)
(183,330)
(185,370)
(485,365)
(485,419)
(185,424)
(185,448)
(879,454)
(878,511)
(184,505)
(1225,6)
(1770,11)
(1769,68)
(1224,63)
(1243,99)
(1975,99)
(1975,161)
(1243,161)
(1306,198)
(1321,198)
(1321,234)
(1306,234)
(1306,286)
(1324,286)
(1324,322)
(1306,322)
(1306,372)
(1323,372)
(1323,412)
(1306,412)
(1303,459)
(1328,459)
(1328,499)
(1303,499)
(1303,546)
(1330,546)
(1330,587)
(1303,587)
(1305,632)
(1323,632)
(1323,668)
(1305,668)
(1305,719)
(1325,719)
(1325,759)
(1305,759)
(1304,805)
(1328,805)
(1328,847)
(1304,847)
(1304,891)
(1324,891)
(1324,930)
(1304,930)
(1304,976)
(1321,976)
(1321,1013)
(1304,1013)
(1304,1063)
(1323,1063)
(1323,1100)
(1304,1100)
(1301,1233)
(1324,1233)
(1324,1274)
(1301,1274)
(1302,1317)
(1324,1317)
(1324,1358)
(1302,1358)
(1305,1486)
(1324,1486)
(1324,1525)
(1305,1525)
(1304,1569)
(1324,1569)
(1324,1605)
(1304,1605)
(1304,1652)
(1324,1652)
(1324,1689)
(1304,1689)
(1304,1735)
(1324,1735)
(1324,1772)
(1304,1772)
(1305,1819)
(1323,1819)
(1323,1855)
(1305,1855)
(1468,198)
(1961,198)
(1961,243)
(1468,243)
(1479,287)
(1570,287)
(1570,329)
(1479,329)
(1466,372)
(1588,372)
(1588,416)
(1466,416)
(1468,460)
(1589,460)
(1589,503)
(1468,503)
(1478,546)
(1569,546)
(1569,589)
(1478,589)
(1478,632)
(1571,632)
(1571,675)
(1478,675)
(1477,718)
(1569,718)
(1569,761)
(1477,761)
(1476,804)
(1566,804)
(1566,847)
(1476,847)
(1463,890)
(1586,890)
(1586,933)
(1463,933)
(1462,975)
(1584,975)
(1584,1018)
(1462,1018)
(1474,1061)
(1563,1061)
(1563,1103)
(1474,1103)
(1477,1147)
(1561,1147)
(1561,1188)
(1477,1188)
(1473,1232)
(1563,1232)
(1563,1273)
(1473,1273)
(1470,1317)
(1562,1317)
(1562,1358)
(1470,1358)
(1461,1401)
(1582,1401)
(1582,1442)
(1461,1442)
(1461,1485)
(1583,1485)
(1583,1526)
(1461,1526)
(1460,1567)
(1580,1565)
(1580,1607)
(1460,1609)
(1472,1651)
(1563,1651)
(1563,1692)
(1472,1692)
(1471,1734)
(1562,1734)
(1562,1776)
(1471,1776)
(1471,1816)
(1559,1816)
(1559,1858)
(1471,1858)
(1709,285)
(1803,285)
(1803,330)
(1709,330)
(1710,374)
(1802,374)
(1802,417)
(1710,417)
(1729,460)
(1788,460)
(1788,504)
(1729,504)
(1729,504)
(1705,543)
(1802,543)
(1802,589)
(1705,589)
(1709,632)
(1801,632)
(1801,678)
(1709,678)
(1708,710)
(1800,710)
(1800,763)
(1708,763)
(1708,803)
(1794,803)
(1794,847)
(1708,847)
(1704,889)
(1795,889)
(1795,932)
(1704,932)
(1703,974)
(1794,974)
(1794,1016)
(1703,1016)
(1702,1060)
(1792,1060)
(1792,1101)
(1702,1101)
(1704,1145)
(1791,1145)
(1791,1187)
(1704,1187)
(1721,1231)
(1779,1231)
(1779,1273)
(1721,1273)
(1702,1315)
(1792,1315)
(1792,1357)
(1702,1357)
(1701,1400)
(1792,1400)
(1792,1442)
(1701,1442)
(1718,1484)
(1777,1484)
(1777,1525)
(1718,1525)
(1700,1567)
(1790,1567)
(1790,1608)
(1700,1608)
(1699,1650)
(1789,1650)
(1789,1692)
(1699,1692)
(1699,1733)
(1787,1733)
(1787,1774)
(1699,1774)
(1698,1815)
(1788,1815)
(1788,1856)
(1698,1856)
(1931,289)
(1958,289)
(1958,329)
(1931,329)
(1930,375)
(1960,375)
(1960,420)
(1930,420)
(1929,461)
(1958,461)
(1958,501)
(1929,501)
(1928,545)
(1955,545)
(1955,586)
(1928,586)
(1923,888)
(1962,888)
(1962,934)
(1923,934)
(1925,973)
(1956,973)
(1956,1017)
(1925,1017)
(1925,1059)
(1953,1059)
(1953,1098)
(1925,1098)
(1922,1232)
(1947,1232)
(1947,1267)
(1922,1267)
(1920,1315)
(1947,1315)
(1947,1352)
(1920,1352)
(1919,1399)
(1948,1399)
(1948,1437)
(1919,1437)
(1918,1483)
(1947,1483)
(1947,1518)
(1918,1518)
(1918,1566)
(1947,1566)
(1947,1603)
(1918,1603)
(1915,1732)
(1944,1732)
(1944,1769)
(1915,1769)
(1914,1814)
(1944,1814)
(1944,1850)
(1914,1850)
(2062,13)
(2336,10)
(2336,63)
(2062,66)
(2089,108)
(2314,108)
(2314,156)
(2089,156)
(2101,287)
(2132,287)
(2132,331)
(2101,331)
(2096,632)
(2126,632)
(2126,674)
(2096,674)
(2094,720)
(2123,720)
(2123,759)
(2094,759)
(2097,803)
(2117,803)
(2117,840)
(2097,840)
(2089,1146)
(2119,1146)
(2119,1184)
(2089,1184)
(2088,1314)
(2113,1314)
(2113,1350)
(2088,1350)
(2081,1730)
(2108,1730)
(2108,1770)
(2081,1770)
(2261,632)
(2288,632)
(2288,674)
(2261,674)
(2258,718)
(2288,718)
(2288,760)
(2258,760)
(2257,803)
(2285,803)
(2285,842)
(2257,842)
(2254,1144)
(2285,1144)
(2285,1185)
(2254,1185)
(2249,1313)
(2275,1313)
(2275,1350)
(2249,1350)
(2243,1729)
(2270,1729)
(2270,1765)
(2243,1765)
(2410,14)
(3129,14)
(3129,164)
(2410,164)
(3231,25)
(3499,25)
(3499,71)
(3231,71)
(3211,114)
(3570,112)
(3570,160)
(3211,162)
(3660,115)
(3729,115)
(3729,162)
(3660,162)